
 Mês   ||  PRECIPITACAO TOTAL; HORARIO (mm)
------------------------------------------------------
             2015 |2016 |2017 |2018 |2019 |2020
JAN    ||    0.0|0.0|-9999.0|0.0|0.0|0.0|
FEV    ||    0.0|0.0|-9999.0|0.0|0.0|0.0|
MAR    ||    0.0|0.0|0.0|0.0|0.0|0.0|
ABR    ||    0.0|0.0|0.0|0.0|0.0|0.0|
MAI    ||    0.0|0.0|0.0|0.0|0.0|0.0|
JUN    ||    0.0|0.0|0.0|0.0|0.0|0.0|
JUL    ||    0.0|0.0|0.0|0.0|0.0|0.0|
AGO    ||    0.0|0.0|0.0|0.0|0.0|None|
SET    ||    0.0|0.0|0.0|0.0|0.0|None|
OUT    ||    0.0|0.0|0.0|0.0|0.0|None|
NOV    ||    0.0|0.0|0.0|0.0|0.0|None|
DEZ    ||    0.0|0.0|0.0|0.0|0.0|None|

 Mês   ||  PRESSAO ATMOSFERICA AO NIVEL DA ESTACAO; HORARIA (mB)
------------------------------------------------------
             2015 |2016 |2017 |2018 |2019 |2020
JAN    ||    964.5|962.7|-9999.0|962.8499999999999|964.5|962.5|
FEV    ||    963.8|964.0|-9999.0|962.0|962.4|963.1|
MAR    ||    963.1|964.3|962.8|962.1500000000001|963.3|962.9|
ABR    ||    963.4|964.2|963.9|964.8|963.5|964.2|
MAI    ||    965.6|966.1|965.2|965.9|964.2|965.9|
JUN    ||    967.5|968.1|967.2|967.6|967.7|967.1|
JUL    ||    968.0|968.0|970.2|967.8|967.9|967.4|
AGO    ||    967.8|967.3|967.25|967.6|969.0|None|
SET    ||    965.5|966.5|968.3|964.9|966.2|None|
OUT    ||    965.0|964.1500000000001|964.6|963.3|964.1|None|
NOV    ||    961.8|961.25|962.5|963.1500000000001|962.1|None|
DEZ    ||    964.0|961.7|962.05|963.3|962.4|None|

 Mês   ||  PRESSAO ATMOSFERICA MAX;NA HORA ANT; (AUT) (mB)
------------------------------------------------------
             2015 |2016 |2017 |2018 |2019 |2020
JAN    ||    964.7|962.95|-9999.0|963.1|964.8|962.8|
FEV    ||    964.1|964.3|-9999.0|962.25|962.7|963.3|
MAR    ||    963.4|964.6|963.1|962.5|963.6|963.2|
ABR    ||    963.7|964.4|964.1|965.1|963.7|964.5|
MAI    ||    965.8|966.45|965.5|966.2|964.4|966.1|
JUN    ||    967.7|968.3499999999999|967.5|967.8|968.0|967.3|
JUL    ||    968.3|968.2|970.5|968.1|968.3|967.6|
AGO    ||    968.1|967.6|967.5|967.9|969.3|None|
SET    ||    965.8|966.9|968.6|965.1|966.5|None|
OUT    ||    965.4|964.5|965.1|963.8|964.5|None|
NOV    ||    962.1|961.5|962.8|963.5|962.3|None|
DEZ    ||    964.3|962.1|962.3|963.6|962.7|None|

 Mês   ||  PRESSAO ATMOSFERICA MIN; NA HORA ANT; (AUT) (mB)
------------------------------------------------------
             2015 |2016 |2017 |2018 |2019 |2020
JAN    ||    964.2|962.4|-9999.0|962.6|964.3|962.2|
FEV    ||    963.5|963.8|-9999.0|961.7|962.1|962.9|
MAR    ||    962.8|964.1|962.5|961.8499999999999|962.8499999999999|962.6|
ABR    ||    963.2|963.9|963.6|964.4|963.2|963.9|
MAI    ||    965.3|965.9|965.0|965.7|964.0|965.7|
JUN    ||    967.1|967.8499999999999|967.0|967.3|967.5|966.8|
JUL    ||    967.7|967.8|969.95|967.55|967.7|967.2|
AGO    ||    967.6|967.1|967.0|967.3|968.8|None|
SET    ||    965.1|966.2|968.1|964.5|966.05|None|
OUT    ||    964.7|963.8|964.3|963.0|963.8|None|
NOV    ||    961.4|961.0|962.3|962.8|961.8|None|
DEZ    ||    963.8|961.4|961.7|962.9|962.1|None|

 Mês   ||  RADIACAO GLOBAL (W/m²)
------------------------------------------------------
             2015 |2016 |2017 |2018 |2019 |2020
JAN    ||    63.699999999999996|27.45|-9999.0|81.9|1490.1|1251.0|
FEV    ||    27.9|43.949999999999996|-9999.0|26.65|1716.9|1614.8|
MAR    ||    17.0|24.549999999999997|8.2|24.65|1683.6|1177.8|
ABR    ||    11.55|11.85|7.050000000000001|14.25|1361.5|1084.1|
MAI    ||    3.05|2.6500000000000004|2.25|3.9000000000000004|1199.3|1002.0999999999999|
JUN    ||    1.45|0.4|2.25|1.7999999999999998|1135.1|1037.85|
JUL    ||    1.2999999999999998|1.75|2.8|2.4|1155.8|1106.0|
AGO    ||    10.3|7.35|7.15|9.600000000000001|1216.0|None|
SET    ||    17.0|21.2|26.4|17.25|1204.95|None|
OUT    ||    21.25|31.75|36.349999999999994|48.55|1569.3|None|
NOV    ||    68.1|-9999.0|51.650000000000006|57.5|1499.65|None|
DEZ    ||    124.5|37.5|76.30000000000001|81.7|1782.8|None|

 Mês   ||  TEMPERATURA DO AR - BULBO SECO; HORARIA (°C)
------------------------------------------------------
             2015 |2016 |2017 |2018 |2019 |2020
JAN    ||    24.9|24.1|-9999.0|25.6|25.8|24.7|
FEV    ||    24.5|25.6|-9999.0|24.95|26.9|25.75|
MAR    ||    25.15|25.85|26.2|25.0|25.8|24.2|
ABR    ||    24.7|25.0|24.9|23.8|24.8|23.7|
MAI    ||    22.7|24.0|23.2|22.85|24.0|22.4|
JUN    ||    21.5|22.7|21.9|21.4|22.05|21.4|
JUL    ||    21.3|21.4|20.2|21.1|20.7|20.4|
AGO    ||    21.15|22.4|21.4|22.4|21.3|None|
SET    ||    23.9|22.75|22.5|23.8|22.6|None|
OUT    ||    25.05|24.0|25.0|25.3|24.6|None|
NOV    ||    26.9|23.1|23.7|24.35|25.8|None|
DEZ    ||    26.9|25.5|25.2|24.0|26.6|None|

 Mês   ||  TEMPERATURA DO PONTO DE ORVALHO (°C)
------------------------------------------------------
             2015 |2016 |2017 |2018 |2019 |2020
JAN    ||    18.7|21.7|-9999.0|18.6|18.5|20.5|
FEV    ||    20.0|19.7|-9999.0|19.8|19.6|21.0|
MAR    ||    20.0|19.8|18.2|20.6|20.0|21.5|
ABR    ||    20.7|19.1|19.7|19.9|21.5|21.6|
MAI    ||    20.0|18.6|19.1|19.1|20.5|20.7|
JUN    ||    19.0|17.0|17.5|18.1|18.4|19.15|
JUL    ||    18.3|16.4|15.8|16.6|17.0|18.1|
AGO    ||    16.8|16.6|15.4|16.5|17.4|None|
SET    ||    16.0|17.3|15.9|16.4|17.6|None|
OUT    ||    16.6|18.5|15.9|17.7|17.8|None|
NOV    ||    17.5|17.2|19.4|19.3|18.1|None|
DEZ    ||    17.6|18.0|19.1|19.9|18.0|None|

 Mês   ||  TEMPERATURA MAXIMA NA HORA ANT; (AUT) (°C)
------------------------------------------------------
             2015 |2016 |2017 |2018 |2019 |2020
JAN    ||    25.55|24.6|-9999.0|26.4|26.7|25.4|
FEV    ||    25.1|26.15|-9999.0|25.7|27.7|26.4|
MAR    ||    25.8|26.55|27.1|25.7|26.7|24.9|
ABR    ||    25.35|25.6|25.5|24.3|25.3|24.1|
MAI    ||    23.1|24.7|23.7|23.4|24.5|22.85|
JUN    ||    22.05|23.25|22.4|21.9|22.5|21.9|
JUL    ||    21.8|22.2|20.75|21.7|21.4|20.9|
AGO    ||    21.9|23.2|22.0|23.05|21.9|None|
SET    ||    24.6|23.25|23.1|24.45|23.1|None|
OUT    ||    25.8|24.65|25.8|26.0|25.25|None|
NOV    ||    27.75|23.5|24.15|24.9|26.5|None|
DEZ    ||    27.8|26.3|25.7|24.6|27.4|None|

 Mês   ||  TEMPERATURA MINIMA NA HORA ANT; (AUT) (°C)
------------------------------------------------------
             2015 |2016 |2017 |2018 |2019 |2020
JAN    ||    24.35|23.7|-9999.0|24.9|25.1|24.1|
FEV    ||    23.9|25.0|-9999.0|24.5|26.35|25.1|
MAR    ||    24.6|25.3|25.65|24.4|25.2|23.75|
ABR    ||    24.3|24.4|24.4|23.2|24.45|23.3|
MAI    ||    22.3|23.5|22.6|22.4|23.5|22.1|
JUN    ||    21.1|22.2|21.4|20.9|21.55|21.0|
JUL    ||    20.8|20.9|19.7|20.5|20.15|20.1|
AGO    ||    20.6|21.9|20.85|21.9|20.8|None|
SET    ||    23.1|22.3|21.8|23.2|21.9|None|
OUT    ||    24.4|23.3|24.3|24.7|23.9|None|
NOV    ||    26.3|22.4|23.1|23.9|25.0|None|
DEZ    ||    26.15|24.85|24.65|23.4|25.9|None|

 Mês   ||  TEMPERATURA ORVALHO MAX; NA HORA ANT; (AUT) (°C)
------------------------------------------------------
             2015 |2016 |2017 |2018 |2019 |2020
JAN    ||    19.2|22.1|-9999.0|19.1|19.0|21.2|
FEV    ||    20.6|20.2|-9999.0|20.4|20.1|21.6|
MAR    ||    20.5|20.3|18.6|21.1|20.5|22.0|
ABR    ||    21.2|19.6|20.2|20.4|22.05|22.05|
MAI    ||    20.3|19.0|19.6|19.6|21.0|21.1|
JUN    ||    19.3|17.3|18.05|18.6|18.8|19.5|
JUL    ||    18.7|16.75|16.2|17.2|17.5|18.6|
AGO    ||    17.2|17.0|15.7|16.85|17.8|None|
SET    ||    16.5|17.7|16.3|16.9|18.1|None|
OUT    ||    17.0|19.0|16.3|18.0|18.4|None|
NOV    ||    17.9|17.8|19.8|19.7|18.5|None|
DEZ    ||    18.0|18.5|19.6|20.4|18.6|None|

 Mês   ||  TEMPERATURA ORVALHO MIN; NA HORA ANT; (AUT) (°C)
------------------------------------------------------
             2015 |2016 |2017 |2018 |2019 |2020
JAN    ||    18.3|21.3|-9999.0|18.2|18.0|19.9|
FEV    ||    19.5|19.2|-9999.0|19.4|19.1|20.5|
MAR    ||    19.45|19.4|18.0|20.1|19.4|21.1|
ABR    ||    20.2|18.7|19.3|19.4|21.0|21.3|
MAI    ||    19.6|18.3|18.7|18.7|20.1|20.4|
JUN    ||    18.7|16.6|17.2|17.7|17.9|18.7|
JUL    ||    17.9|16.0|15.4|16.2|16.6|17.7|
AGO    ||    16.35|16.2|15.0|16.2|16.9|None|
SET    ||    15.55|16.9|15.6|16.0|17.2|None|
OUT    ||    16.2|18.1|15.6|17.4|17.3|None|
NOV    ||    17.0|16.5|18.9|18.9|17.5|None|
DEZ    ||    17.1|17.3|18.7|19.4|17.6|None|

 Mês   ||  UMIDADE REL; MAX; NA HORA ANT; (AUT) (%)
------------------------------------------------------
             2015 |2016 |2017 |2018 |2019 |2020
JAN    ||    73.0|92.0|-9999.0|69.0|69.0|81.0|
FEV    ||    80.0|74.0|-9999.0|78.0|68.0|79.5|
MAR    ||    77.0|72.0|67.0|80.0|74.0|89.0|
ABR    ||    80.0|74.0|76.0|82.0|86.0|92.0|
MAI    ||    88.0|75.0|82.0|84.0|84.0|91.0|
JUN    ||    89.0|73.0|81.0|88.0|83.0|92.0|
JUL    ||    88.0|77.5|79.0|79.5|83.0|91.0|
AGO    ||    80.0|74.0|72.0|74.0|83.0|None|
SET    ||    66.0|77.0|72.0|68.0|78.0|None|
OUT    ||    64.0|77.0|62.0|66.5|71.0|None|
NOV    ||    59.5|55.0|81.0|76.0|67.0|None|
DEZ    ||    61.0|59.0|74.0|83.0|64.0|None|

 Mês   ||  UMIDADE REL; MIN; NA HORA ANT; (AUT) (%)
------------------------------------------------------
             2015 |2016 |2017 |2018 |2019 |2020
JAN    ||    66.0|84.0|-9999.0|62.0|61.0|72.0|
FEV    ||    73.0|67.0|-9999.0|70.0|60.0|71.0|
MAR    ||    69.0|66.0|60.0|72.0|66.0|81.0|
ABR    ||    73.0|67.0|70.0|74.5|79.0|84.0|
MAI    ||    82.0|70.0|76.0|77.0|78.0|85.0|
JUN    ||    82.0|67.0|74.5|80.0|76.0|86.0|
JUL    ||    80.0|69.0|72.5|72.0|76.0|84.0|
AGO    ||    73.5|67.0|65.0|67.5|75.0|None|
SET    ||    57.0|70.5|65.0|61.0|71.0|None|
OUT    ||    57.0|70.0|55.0|60.5|63.0|None|
NOV    ||    52.0|48.0|74.0|70.5|59.0|None|
DEZ    ||    52.0|50.0|67.0|75.0|56.0|None|

 Mês   ||  UMIDADE RELATIVA DO AR; HORARIA (%)
------------------------------------------------------
             2015 |2016 |2017 |2018 |2019 |2020
JAN    ||    69.5|89.0|-9999.0|66.0|65.0|77.0|
FEV    ||    76.0|71.0|-9999.0|74.0|64.0|76.0|
MAR    ||    73.0|69.0|63.5|76.0|70.5|85.0|
ABR    ||    77.0|70.5|73.0|78.0|82.0|88.0|
MAI    ||    85.0|73.0|79.0|80.0|81.0|88.0|
JUN    ||    86.0|70.0|78.0|84.0|80.0|90.0|
JUL    ||    84.0|73.5|76.0|76.0|79.0|87.0|
AGO    ||    77.0|70.5|68.0|71.0|79.0|None|
SET    ||    62.0|73.0|69.0|65.0|75.0|None|
OUT    ||    61.0|73.0|59.0|63.0|67.0|None|
NOV    ||    55.5|52.0|78.0|73.0|63.0|None|
DEZ    ||    57.0|55.0|70.0|79.0|60.0|None|

 Mês   ||  VENTO; DIRECAO HORARIA (gr) (° (gr))
------------------------------------------------------
             2015 |2016 |2017 |2018 |2019 |2020
JAN    ||    164.0|170.0|-9999.0|161.5|168.0|173.0|
FEV    ||    166.0|163.0|-9999.0|167.0|169.0|169.0|
MAR    ||    169.0|164.0|171.0|172.5|170.0|170.0|
ABR    ||    175.0|170.0|171.0|172.5|168.0|170.0|
MAI    ||    170.0|168.0|172.0|171.0|173.0|172.0|
JUN    ||    172.0|172.0|176.0|175.0|174.0|172.0|
JUL    ||    172.0|171.0|172.0|176.0|177.0|171.0|
AGO    ||    171.0|170.0|173.0|172.0|170.0|None|
SET    ||    170.0|166.0|163.0|164.0|174.0|None|
OUT    ||    161.0|167.0|147.0|165.5|168.0|None|
NOV    ||    157.0|142.0|174.0|180.0|171.0|None|
DEZ    ||    155.0|150.5|171.5|176.0|164.5|None|

 Mês   ||  VENTO; RAJADA MAXIMA (m/s)
------------------------------------------------------
             2015 |2016 |2017 |2018 |2019 |2020
JAN    ||    3.5|2.6|-9999.0|3.25|3.1|2.5|
FEV    ||    3.0|2.9|-9999.0|2.6|3.0|2.4|
MAR    ||    2.4|2.7|3.2|2.7|2.75|2.3|
ABR    ||    2.3|2.5|2.7|2.9|2.3|2.5|
MAI    ||    2.4|2.6|2.8|2.7|2.0|2.5|
JUN    ||    2.7|2.7|2.9|2.8|2.7|2.4|
JUL    ||    2.8|2.8|4.4|2.3|2.5|2.45|
AGO    ||    2.9|3.1|2.9|3.1|3.1|None|
SET    ||    3.0|2.9|4.5|3.4|2.75|None|
OUT    ||    3.5|2.8|4.5|3.5|3.5|None|
NOV    ||    3.6|2.1|2.6|3.3|3.3|None|
DEZ    ||    4.3|3.0|2.8|2.5|4.0|None|

 Mês   ||  VENTO; VELOCIDADE HORARIA (m/s)
------------------------------------------------------
             2015 |2016 |2017 |2018 |2019 |2020
JAN    ||    0.95|0.4|-9999.0|0.6|0.6|0.3|
FEV    ||    0.7|0.6|-9999.0|0.4|0.5|0.3|
MAR    ||    0.4|0.5|0.7|0.4|0.4|0.3|
ABR    ||    0.4|0.6|0.6|0.4|0.2|0.5|
MAI    ||    0.5|0.8|0.6|0.4|0.2|0.4|
JUN    ||    0.6|0.9|0.8|0.5|0.4|0.4|
JUL    ||    0.5|0.7|1.3|0.2|0.4|0.4|
AGO    ||    0.6|0.7|0.7|0.5|0.5|None|
SET    ||    0.7|0.6|1.3|0.6|0.4|None|
OUT    ||    0.8|0.6|1.2|0.8|0.6|None|
NOV    ||    0.9|0.3|0.4|0.8|0.5|None|
DEZ    ||    1.1|0.6|0.4|0.4|0.8|None|
