
 Mês   ||  INSOLACAO TOTAL; MENSAL(h)
------------------------------------------------------
             2015 |2016 |2018 |2019
JAN    ||    233.2|141.5|267.3|206.8
FEV    ||    171.2|240.3|178.9|256.3
MAR    ||    241.7|251.7|194.5|214.3
ABR    ||    191.3|215.5|174.1|214.9
MAI    ||    148.5|192.8|176.3|179.7
JUN    ||    135.5|195.3|166.9|195.3
JUL    ||    180.6|212.4|211.4|206.0
AGO    ||    217.8|234.5|245.9|233.8
SET    ||    276.7|199.8|236.5|266.5
OUT    ||    253.8|261.0|210.8|240.9
NOV    ||    278.7|204.8|194.1|277.2

 Mês   ||  NEBULOSIDADE; MEDIA MENSAL(décimos)
------------------------------------------------------
             2015 |2016 |2018 |2019
JAN    ||    5.108|7.688|5.19|5.342
FEV    ||    6.702|5.162|6.966|5.148
MAR    ||    4.957|4.879|6.128|5.861
ABR    ||    5.589|5.0|6.972|4.933
MAI    ||    6.914|6.046|6.559|6.722
JUN    ||    7.378|6.353|6.986|5.927
JUL    ||    6.656|5.302|5.481|6.116
AGO    ||    5.86|5.014|4.329|5.014
SET    ||    2.967|6.097|4.382|4.422
OUT    ||    3.903|5.041|5.288|4.569
NOV    ||    3.793|5.583|6.208|4.234

 Mês   ||  NUMERO DE DIAS COM PRECIP; PLUV; MENSAL(número)
------------------------------------------------------
             2015 |2016 |2018 |2019
JAN    ||    nan|nan|nan|nan
FEV    ||    nan|nan|nan|nan
MAR    ||    nan|nan|nan|nan
ABR    ||    nan|nan|nan|nan
MAI    ||    nan|nan|nan|nan
JUN    ||    nan|nan|nan|nan
JUL    ||    nan|nan|nan|nan
AGO    ||    nan|nan|nan|nan
SET    ||    nan|nan|nan|nan
OUT    ||    nan|nan|nan|nan
NOV    ||    nan|nan|nan|nan

 Mês   ||  PRECIPITACAO TOTAL; MENSAL(mm)
------------------------------------------------------
             2015 |2016 |2018 |2019
JAN    ||    13.2|362.8|44.8|164.7
FEV    ||    74.6|18.6|191.3|79.5
MAR    ||    7.7|1.3|114.7|53.7
ABR    ||    61.3|7.5|24.9|18.3
MAI    ||    37.8|11.8|28.9|50.8
JUN    ||    51.1|24.4|50.7|38.3
JUL    ||    37.1|21.0|8.0|34.1
AGO    ||    38.2|30.0|9.3|23.6
SET    ||    2.7|35.0|15.7|2.4
OUT    ||    7.1|33.2|13.8|18.5
NOV    ||    44.0|57.9|20.7|44.0

 Mês   ||  TEMPERATURA MAXIMA MEDIA; MENSAL(°C)
------------------------------------------------------
             2015 |2016 |2018 |2019
JAN    ||    21.972|22.254|22.768|23.913
FEV    ||    22.187|22.415|22.113|23.49
MAR    ||    22.837|22.986|22.443|22.744
ABR    ||    22.413|22.054|20.925|21.855
MAI    ||    20.148|20.779|19.857|19.194
JUN    ||    18.798|19.623|18.586|18.492
JUL    ||    18.181|18.651|18.219|18.315
AGO    ||    18.217|19.602|19.558|20.142
SET    ||    21.106|20.128|20.788|22.328
OUT    ||    22.04|22.025|22.645|23.583
NOV    ||    24.015|22.052|22.155|24.09

 Mês   ||  TEMPERATURA MEDIA COMPENSADA; MENSAL(°C)
------------------------------------------------------
             2015 |2016 |2018 |2019
JAN    ||    17.897|19.31|18.245|19.243
FEV    ||    18.568|18.372|18.407|19.284
MAR    ||    18.671|18.903|18.91|19.29
ABR    ||    19.11|18.243|17.817|18.532
MAI    ||    17.545|17.465|16.823|16.36
JUN    ||    16.373|16.167|16.107|14.919
JUL    ||    15.597|15.245|15.06|15.017
AGO    ||    15.0|15.661|15.59|16.44
SET    ||    16.26|16.25|16.377|17.319
OUT    ||    17.165|17.606|17.929|18.323
NOV    ||    18.597|17.947|17.807|18.458

 Mês   ||  TEMPERATURA MINIMA MEDIA; MENSAL(°C)
------------------------------------------------------
             2015 |2016 |2018 |2019
JAN    ||    66.282|80.419|64.968|64.759
FEV    ||    73.089|69.026|77.652|68.04
MAR    ||    65.766|67.726|78.21|76.567
ABR    ||    73.533|68.06|80.242|75.323
MAI    ||    83.935|75.226|81.266|80.833
JUN    ||    84.708|79.617|83.417|79.04
JUL    ||    83.8|75.442|75.858|79.742
AGO    ||    77.016|70.35|69.089|73.592
SET    ||    59.875|72.583|65.108|62.782
OUT    ||    59.097|65.879|62.092|59.567
NOV    ||    53.225|68.783|66.275|59.226

 Mês   ||  UMIDADE RELATIVA DO AR; MEDIA MENSAL(%)
------------------------------------------------------
             2015 |2016 |2018 |2019
JAN    ||    5.0|6.173|6.173|5.144
FEV    ||    5.0|6.173|5.144|6.173
MAR    ||    6.0|5.144|5.144|5.144
ABR    ||    5.0|6.173|6.173|5.144
MAI    ||    5.0|6.173|6.173|6.173
JUN    ||    5.0|5.0|7.202|6.173
JUL    ||    6.0|5.144|5.144|6.173
AGO    ||    7.0|6.173|6.173|6.173
SET    ||    6.0|5.144|5.144|6.173
OUT    ||    5.0|7.202|5.144|5.144
NOV    ||    6.173|6.173|6.173|6.173

 Mês   ||  INSOLACAO TOTAL; MENSAL(h)
------------------------------------------------------
             2015 |2016 |2018 |2019
JAN    ||    233.2|141.5|267.3|206.8
FEV    ||    171.2|240.3|178.9|256.3
MAR    ||    241.7|251.7|194.5|214.3
ABR    ||    191.3|215.5|174.1|214.9
MAI    ||    148.5|192.8|176.3|179.7
JUN    ||    135.5|195.3|166.9|195.3
JUL    ||    180.6|212.4|211.4|206.0
AGO    ||    217.8|234.5|245.9|233.8
SET    ||    276.7|199.8|236.5|266.5
OUT    ||    253.8|261.0|210.8|240.9
NOV    ||    278.7|204.8|194.1|277.2

 Mês   ||  NEBULOSIDADE; MEDIA MENSAL(décimos)
------------------------------------------------------
             2015 |2016 |2018 |2019
JAN    ||    5.108|7.688|5.19|5.342
FEV    ||    6.702|5.162|6.966|5.148
MAR    ||    4.957|4.879|6.128|5.861
ABR    ||    5.589|5.0|6.972|4.933
MAI    ||    6.914|6.046|6.559|6.722
JUN    ||    7.378|6.353|6.986|5.927
JUL    ||    6.656|5.302|5.481|6.116
AGO    ||    5.86|5.014|4.329|5.014
SET    ||    2.967|6.097|4.382|4.422
OUT    ||    3.903|5.041|5.288|4.569
NOV    ||    3.793|5.583|6.208|4.234

 Mês   ||  NUMERO DE DIAS COM PRECIP; PLUV; MENSAL(número)
------------------------------------------------------
             2015 |2016 |2018 |2019
JAN    ||    nan|nan|nan|nan
FEV    ||    nan|nan|nan|nan
MAR    ||    nan|nan|nan|nan
ABR    ||    nan|nan|nan|nan
MAI    ||    nan|nan|nan|nan
JUN    ||    nan|nan|nan|nan
JUL    ||    nan|nan|nan|nan
AGO    ||    nan|nan|nan|nan
SET    ||    nan|nan|nan|nan
OUT    ||    nan|nan|nan|nan
NOV    ||    nan|nan|nan|nan

 Mês   ||  PRECIPITACAO TOTAL; MENSAL(mm)
------------------------------------------------------
             2015 |2016 |2018 |2019
JAN    ||    13.2|362.8|44.8|164.7
FEV    ||    74.6|18.6|191.3|79.5
MAR    ||    7.7|1.3|114.7|53.7
ABR    ||    61.3|7.5|24.9|18.3
MAI    ||    37.8|11.8|28.9|50.8
JUN    ||    51.1|24.4|50.7|38.3
JUL    ||    37.1|21.0|8.0|34.1
AGO    ||    38.2|30.0|9.3|23.6
SET    ||    2.7|35.0|15.7|2.4
OUT    ||    7.1|33.2|13.8|18.5
NOV    ||    44.0|57.9|20.7|44.0

 Mês   ||  TEMPERATURA MAXIMA MEDIA; MENSAL(°C)
------------------------------------------------------
             2015 |2016 |2018 |2019
JAN    ||    21.972|22.254|22.768|23.913
FEV    ||    22.187|22.415|22.113|23.49
MAR    ||    22.837|22.986|22.443|22.744
ABR    ||    22.413|22.054|20.925|21.855
MAI    ||    20.148|20.779|19.857|19.194
JUN    ||    18.798|19.623|18.586|18.492
JUL    ||    18.181|18.651|18.219|18.315
AGO    ||    18.217|19.602|19.558|20.142
SET    ||    21.106|20.128|20.788|22.328
OUT    ||    22.04|22.025|22.645|23.583
NOV    ||    24.015|22.052|22.155|24.09

 Mês   ||  TEMPERATURA MEDIA COMPENSADA; MENSAL(°C)
------------------------------------------------------
             2015 |2016 |2018 |2019
JAN    ||    17.897|19.31|18.245|19.243
FEV    ||    18.568|18.372|18.407|19.284
MAR    ||    18.671|18.903|18.91|19.29
ABR    ||    19.11|18.243|17.817|18.532
MAI    ||    17.545|17.465|16.823|16.36
JUN    ||    16.373|16.167|16.107|14.919
JUL    ||    15.597|15.245|15.06|15.017
AGO    ||    15.0|15.661|15.59|16.44
SET    ||    16.26|16.25|16.377|17.319
OUT    ||    17.165|17.606|17.929|18.323
NOV    ||    18.597|17.947|17.807|18.458

 Mês   ||  TEMPERATURA MINIMA MEDIA; MENSAL(°C)
------------------------------------------------------
             2015 |2016 |2018 |2019
JAN    ||    66.282|80.419|64.968|64.759
FEV    ||    73.089|69.026|77.652|68.04
MAR    ||    65.766|67.726|78.21|76.567
ABR    ||    73.533|68.06|80.242|75.323
MAI    ||    83.935|75.226|81.266|80.833
JUN    ||    84.708|79.617|83.417|79.04
JUL    ||    83.8|75.442|75.858|79.742
AGO    ||    77.016|70.35|69.089|73.592
SET    ||    59.875|72.583|65.108|62.782
OUT    ||    59.097|65.879|62.092|59.567
NOV    ||    53.225|68.783|66.275|59.226

 Mês   ||  UMIDADE RELATIVA DO AR; MEDIA MENSAL(%)
------------------------------------------------------
             2015 |2016 |2018 |2019
JAN    ||    5.0|6.173|6.173|5.144
FEV    ||    5.0|6.173|5.144|6.173
MAR    ||    6.0|5.144|5.144|5.144
ABR    ||    5.0|6.173|6.173|5.144
MAI    ||    5.0|6.173|6.173|6.173
JUN    ||    5.0|5.0|7.202|6.173
JUL    ||    6.0|5.144|5.144|6.173
AGO    ||    7.0|6.173|6.173|6.173
SET    ||    6.0|5.144|5.144|6.173
OUT    ||    5.0|7.202|5.144|5.144
NOV    ||    6.173|6.173|6.173|6.173
