
 Mês   ||  INSOLACAO TOTAL; MENSAL(h)
------------------------------------------------------
             2015 |2016 |2018 |2019 |2020
JAN    ||    256.3|147.8|230.8|196.4|202.2
FEV    ||    176.9|244.6|179.8|257.2|201.2
MAR    ||    227.6|239.0|201.8|209.9|173.0
ABR    ||    195.4|231.0|180.5|203.6|148.3
MAI    ||    156.0|200.4|180.9|186.1|nan
JUN    ||    145.2|188.3|191.6|191.2|157.9
JUL    ||    170.4|189.6|215.2|198.1|157.9
AGO    ||    206.2|195.4|190.7|202.7|157.9
SET    ||    253.0|184.3|220.7|242.1|157.9
OUT    ||    253.0|220.1|203.8|228.6|157.9
NOV    ||    265.1|189.7|164.8|268.0|157.9

 Mês   ||  NEBULOSIDADE; MEDIA MENSAL(décimos)
------------------------------------------------------
             2015 |2016 |2018 |2019 |2020
JAN    ||    7.226|8.911|7.446|7.381|7.608
FEV    ||    8.482|6.58|8.229|7.258|7.443
MAR    ||    8.14|7.433|7.836|8.125|8.763
ABR    ||    7.689|7.292|8.431|7.581|8.608
MAI    ||    8.505|7.731|8.105|7.584|nan
JUN    ||    8.36|6.097|7.944|6.413|8.014
JUL    ||    8.441|7.231|7.177|8.347|8.014
AGO    ||    7.71|7.177|7.285|7.292|8.014
SET    ||    5.322|8.097|6.111|7.11|8.014
OUT    ||    6.348|7.056|6.909|6.597|8.014
NOV    ||    6.306|7.736|8.0|6.68|8.014

 Mês   ||  TEMPERATURA MAXIMA MEDIA; MENSAL(°C)
------------------------------------------------------
             2015 |2016 |2018 |2019 |2020
JAN    ||    31.343|30.706|33.168|34.782|31.887
FEV    ||    30.414|32.01|31.493|33.503|32.359
MAR    ||    31.557|32.41|32.039|31.05|30.871
ABR    ||    31.087|31.527|29.577|29.774|29.366
MAI    ||    27.917|30.094|28.494|28.347|nan
JUN    ||    26.703|29.657|27.497|27.587|26.55
JUL    ||    26.574|28.384|27.839|27.71|26.55
AGO    ||    28.168|29.642|29.758|30.133|26.55
SET    ||    32.69|29.48|31.96|32.91|26.55
OUT    ||    33.435|30.942|33.003|33.973|26.55
NOV    ||    35.3|30.837|30.837|35.052|26.55

 Mês   ||  TEMPERATURA MEDIA COMPENSADA; MENSAL(°C)
------------------------------------------------------
             2015 |2016 |2018 |2019 |2020
JAN    ||    24.775|24.652|25.772|26.996|25.043
FEV    ||    24.471|25.512|25.211|25.917|25.68
MAR    ||    25.059|25.785|25.141|24.833|24.466
ABR    ||    24.717|24.836|23.608|23.855|23.704
MAI    ||    22.561|23.806|22.594|21.935|nan
JUN    ||    21.287|22.855|21.155|20.557|21.167
JUL    ||    21.09|21.499|20.901|21.331|21.167
AGO    ||    21.105|22.474|22.341|22.61|21.167
SET    ||    24.297|22.902|23.93|24.789|21.167
OUT    ||    25.208|24.034|25.47|nan|21.167
NOV    ||    27.12|24.316|24.463|26.694|21.167

 Mês   ||  TEMPERATURA MINIMA MEDIA; MENSAL(°C)
------------------------------------------------------
             2015 |2016 |2018 |2019 |2020
JAN    ||    18.032|18.719|19.155|19.443|18.819
FEV    ||    18.271|18.641|19.171|18.719|19.393
MAR    ||    18.655|19.177|18.668|18.93|18.358
ABR    ||    18.717|17.767|17.683|18.155|17.937
MAI    ||    17.145|17.184|16.503|15.683|nan
JUN    ||    15.673|15.583|15.203|14.023|15.587
JUL    ||    15.4|14.574|14.645|14.99|15.587
AGO    ||    14.572|15.248|15.41|15.997|15.587
SET    ||    16.585|16.123|16.763|17.319|15.587
OUT    ||    17.484|17.31|18.4|18.967|15.587
NOV    ||    19.28|17.44|18.213|18.823|15.587

 Mês   ||  UMIDADE RELATIVA DO AR; MEDIA MENSAL(%)
------------------------------------------------------
             2015 |2016 |2018 |2019 |2020
JAN    ||    71.387|80.185|65.823|60.955|77.081
FEV    ||    80.286|72.931|70.089|69.315|76.026
MAR    ||    74.782|68.556|73.702|77.45|83.282
ABR    ||    76.742|69.467|77.783|79.105|84.672
MAI    ||    83.153|73.347|79.75|81.942|nan
JUN    ||    84.75|71.208|83.975|83.266|88.158
JUL    ||    83.331|75.952|80.637|79.476|88.158
AGO    ||    75.96|72.71|75.145|76.167|88.158
SET    ||    64.208|71.675|64.525|67.944|88.158
OUT    ||    62.919|71.444|63.129|65.825|88.158
NOV    ||    58.45|71.692|71.625|61.774|88.158
